0 0.084 0.036 0.056 0.024 0.084 0.036 0.056 0.024 0.126 0.054 0.084 0.036 0.126 0.054 0.084 0.036
1 0.084 0.036 0.056 0.024 0.084 0.036 0.056 0.024 0.126 0.054 0.084 0.036 0.126 0.054 0.084 0.036
2 0.084 0.036 0.056 0.024 0.084 0.036 0.056 0.024 0.126 0.054 0.084 0.036 0.126 0.054 0.084 0.036
3 0.084 0.036 0.056 0.024 0.084 0.036 0.056 0.024 0.126 0.054 0.084 0.036 0.126 0.054 0.084 0.036
4 0.084 0.036 0.056 0.024 0.084 0.036 0.056 0.024 0.126 0.054 0.084 0.036 0.126 0.054 0.084 0.036
5 0.084 0.036 0.056 0.024 0.084 0.036 0.056 0.024 0.126 0.054 0.084 0.036 0.126 0.054 0.084 0.036
6 0.084 0.036 0.056 0.024 0.084 0.036 0.056 0.024 0.126 0.054 0.084 0.036 0.126 0.054 0.084 0.036
7 0.084 0.036 0.056 0.024 0.084 0.036 0.056 0.024 0.126 0.054 0.084 0.036 0.126 0.054 0.084 0.036
8 0.084 0.036 0.056 0.024 0.084 0.036 0.056 0.024 0.126 0.054 0.084 0.036 0.126 0.054 0.084 0.036
9 0.084 0.036 0.056 0.024 0.084 0.036 0.056 0.024 0.126 0.054 0.084 0.036 0.126 0.054 0.084 0.036
10 0.084 0.036 0.056 0.024 0.084 0.036 0.056 0.024 0.126 0.054 0.084 0.036 0.126 0.054 0.084 0.036
11 0.084 0.036 0.056 0.024 0.084 0.036 0.056 0.024 0.126 0.054 0.084 0.036 0.126 0.054 0.084 0.036
12 0.084 0.036 0.056 0.024 0.084 0.036 0.056 0.024 0.126 0.054 0.084 0.036 0.126 0.054 0.084 0.036
13 0.084 0.036 0.056 0.024 0.084 0.036 0.056 0.024 0.126 0.054 0.084 0.036 0.126 0.054 0.084 0.036
14 0.084 0.036 0.056 0.024 0.084 0.036 0.056 0.024 0.126 0.054 0.084 0.036 0.126 0.054 0.084 0.036
15 0.084 0.036 0.056 0.024 0.084 0.036 0.056 0.024 0.126 0.054 0.084 0.036 0.126 0.054 0.084 0.036