0 0.00504 0.00216 0.00336 0.00144 0.00504 0.00216 0.00336 0.00144 0.00756 0.00324 0.00504 0.00216 0.00756 0.00324 0.00504 0.00216 0.01176 0.00504 0.00784 0.00336 0.01176 0.00504 0.00784 0.00336 0.01764 0.00756 0.01176 0.00504 0.01764 0.00756 0.01176 0.00504 0.02016 0.00864 0.01344 0.00576 0.02016 0.00864 0.01344 0.00576 0.03024 0.01296 0.02016 0.00864 0.03024 0.01296 0.02016 0.00864 0.04704 0.02016 0.03136 0.01344 0.04704 0.02016 0.03136 0.01344 0.07056 0.03024 0.04704 0.02016 0.07056 0.03024 0.04704 0.02016
1 0.00504 0.00216 0.00336 0.00144 0.00504 0.00216 0.00336 0.00144 0.00756 0.00324 0.00504 0.00216 0.00756 0.00324 0.00504 0.00216 0.01176 0.00504 0.00784 0.00336 0.01176 0.00504 0.00784 0.00336 0.01764 0.00756 0.01176 0.00504 0.01764 0.00756 0.01176 0.00504 0.02016 0.00864 0.01344 0.00576 0.02016 0.00864 0.01344 0.00576 0.03024 0.01296 0.02016 0.00864 0.03024 0.01296 0.02016 0.00864 0.04704 0.02016 0.03136 0.01344 0.04704 0.02016 0.03136 0.01344 0.07056 0.03024 0.04704 0.02016 0.07056 0.03024 0.04704 0.02016
2 0.00504 0.00216 0.00336 0.00144 0.00504 0.00216 0.00336 0.00144 0.00756 0.00324 0.00504 0.00216 0.00756 0.00324 0.00504 0.00216 0.01176 0.00504 0.00784 0.00336 0.01176 0.00504 0.00784 0.00336 0.01764 0.00756 0.01176 0.00504 0.01764 0.00756 0.01176 0.00504 0.02016 0.00864 0.01344 0.00576 0.02016 0.00864 0.01344 0.00576 0.03024 0.01296 0.02016 0.00864 0.03024 0.01296 0.02016 0.00864 0.04704 0.02016 0.03136 0.01344 0.04704 0.02016 0.03136 0.01344 0.07056 0.03024 0.04704 0.02016 0.07056 0.03024 0.04704 0.02016
3 0.00504 0.00216 0.00336 0.00144 0.00504 0.00216 0.00336 0.00144 0.00756 0.00324 0.00504 0.00216 0.00756 0.00324 0.00504 0.00216 0.01176 0.00504 0.00784 0.00336 0.01176 0.00504 0.00784 0.00336 0.01764 0.00756 0.01176 0.00504 0.01764 0.00756 0.01176 0.00504 0.02016 0.00864 0.01344 0.00576 0.02016 0.00864 0.01344 0.00576 0.03024 0.01296 0.02016 0.00864 0.03024 0.01296 0.02016 0.00864 0.04704 0.02016 0.03136 0.01344 0.04704 0.02016 0.03136 0.01344 0.07056 0.03024 0.04704 0.02016 0.07056 0.03024 0.04704 0.02016
4 0.00504 0.00216 0.00336 0.00144 0.00504 0.00216 0.00336 0.00144 0.00756 0.00324 0.00504 0.00216 0.00756 0.00324 0.00504 0.00216 0.01176 0.00504 0.00784 0.00336 0.01176 0.00504 0.00784 0.00336 0.01764 0.00756 0.01176 0.00504 0.01764 0.00756 0.01176 0.00504 0.02016 0.00864 0.01344 0.00576 0.02016 0.00864 0.01344 0.00576 0.03024 0.01296 0.02016 0.00864 0.03024 0.01296 0.02016 0.00864 0.04704 0.02016 0.03136 0.01344 0.04704 0.02016 0.03136 0.01344 0.07056 0.03024 0.04704 0.02016 0.07056 0.03024 0.04704 0.02016
5 0.00504 0.00216 0.00336 0.00144 0.00504 0.00216 0.00336 0.00144 0.00756 0.00324 0.00504 0.00216 0.00756 0.00324 0.00504 0.00216 0.01176 0.00504 0.00784 0.00336 0.01176 0.00504 0.00784 0.00336 0.01764 0.00756 0.01176 0.00504 0.01764 0.00756 0.01176 0.00504 0.02016 0.00864 0.01344 0.00576 0.02016 0.00864 0.01344 0.00576 0.03024 0.01296 0.02016 0.00864 0.03024 0.01296 0.02016 0.00864 0.04704 0.02016 0.03136 0.01344 0.04704 0.02016 0.03136 0.01344 0.07056 0.03024 0.04704 0.02016 0.07056 0.03024 0.04704 0.02016
6 0.00504 0.00216 0.00336 0.00144 0.00504 0.00216 0.00336 0.00144 0.00756 0.00324 0.00504 0.00216 0.00756 0.00324 0.00504 0.00216 0.01176 0.00504 0.00784 0.00336 0.01176 0.00504 0.00784 0.00336 0.01764 0.00756 0.01176 0.00504 0.01764 0.00756 0.01176 0.00504 0.02016 0.00864 0.01344 0.00576 0.02016 0.00864 0.01344 0.00576 0.03024 0.01296 0.02016 0.00864 0.03024 0.01296 0.02016 0.00864 0.04704 0.02016 0.03136 0.01344 0.04704 0.02016 0.03136 0.01344 0.07056 0.03024 0.04704 0.02016 0.07056 0.03024 0.04704 0.02016
7 0.00504 0.00216 0.00336 0.00144 0.00504 0.00216 0.00336 0.00144 0.00756 0.00324 0.00504 0.00216 0.00756 0.00324 0.00504 0.00216 0.01176 0.00504 0.00784 0.00336 0.01176 0.00504 0.00784 0.00336 0.01764 0.00756 0.01176 0.00504 0.01764 0.00756 0.01176 0.00504 0.02016 0.00864 0.01344 0.00576 0.02016 0.00864 0.01344 0.00576 0.03024 0.01296 0.02016 0.00864 0.03024 0.01296 0.02016 0.00864 0.04704 0.02016 0.03136 0.01344 0.04704 0.02016 0.03136 0.01344 0.07056 0.03024 0.04704 0.02016 0.07056 0.03024 0.04704 0.02016
8 0.00504 0.00216 0.00336 0.00144 0.00504 0.00216 0.00336 0.00144 0.00756 0.00324 0.00504 0.00216 0.00756 0.00324 0.00504 0.00216 0.01176 0.00504 0.00784 0.00336 0.01176 0.00504 0.00784 0.00336 0.01764 0.00756 0.01176 0.00504 0.01764 0.00756 0.01176 0.00504 0.02016 0.00864 0.01344 0.00576 0.02016 0.00864 0.01344 0.00576 0.03024 0.01296 0.02016 0.00864 0.03024 0.01296 0.02016 0.00864 0.04704 0.02016 0.03136 0.01344 0.04704 0.02016 0.03136 0.01344 0.07056 0.03024 0.04704 0.02016 0.07056 0.03024 0.04704 0.02016
9 0.00504 0.00216 0.00336 0.00144 0.00504 0.00216 0.00336 0.00144 0.00756 0.00324 0.00504 0.00216 0.00756 0.00324 0.00504 0.00216 0.01176 0.00504 0.00784 0.00336 0.01176 0.00504 0.00784 0.00336 0.01764 0.00756 0.01176 0.00504 0.01764 0.00756 0.01176 0.00504 0.02016 0.00864 0.01344 0.00576 0.02016 0.00864 0.01344 0.00576 0.03024 0.01296 0.02016 0.00864 0.03024 0.01296 0.02016 0.00864 0.04704 0.02016 0.03136 0.01344 0.04704 0.02016 0.03136 0.01344 0.07056 0.03024 0.04704 0.02016 0.07056 0.03024 0.04704 0.02016
10 0.00504 0.00216 0.00336 0.00144 0.00504 0.00216 0.00336 0.00144 0.00756 0.00324 0.00504 0.00216 0.00756 0.00324 0.00504 0.00216 0.01176 0.00504 0.00784 0.00336 0.01176 0.00504 0.00784 0.00336 0.01764 0.00756 0.01176 0.00504 0.01764 0.00756 0.01176 0.00504 0.02016 0.00864 0.01344 0.00576 0.02016 0.00864 0.01344 0.00576 0.03024 0.01296 0.02016 0.00864 0.03024 0.01296 0.02016 0.00864 0.04704 0.02016 0.03136 0.01344 0.04704 0.02016 0.03136 0.01344 0.07056 0.03024 0.04704 0.02016 0.07056 0.03024 0.04704 0.02016
11 0.00504 0.00216 0.00336 0.00144 0.00504 0.00216 0.00336 0.00144 0.00756 0.00324 0.00504 0.00216 0.00756 0.00324 0.00504 0.00216 0.01176 0.00504 0.00784 0.00336 0.01176 0.00504 0.00784 0.00336 0.01764 0.00756 0.01176 0.00504 0.01764 0.00756 0.01176 0.00504 0.02016 0.00864 0.01344 0.00576 0.02016 0.00864 0.01344 0.00576 0.03024 0.01296 0.02016 0.00864 0.03024 0.01296 0.02016 0.00864 0.04704 0.02016 0.03136 0.01344 0.04704 0.02016 0.03136 0.01344 0.07056 0.03024 0.04704 0.02016 0.07056 0.03024 0.04704 0.02016
12 0.00504 0.00216 0.00336 0.00144 0.00504 0.00216 0.00336 0.00144 0.00756 0.00324 0.00504 0.00216 0.00756 0.00324 0.00504 0.00216 0.01176 0.00504 0.00784 0.00336 0.01176 0.00504 0.00784 0.00336 0.01764 0.00756 0.01176 0.00504 0.01764 0.00756 0.01176 0.00504 0.02016 0.00864 0.01344 0.00576 0.02016 0.00864 0.01344 0.00576 0.03024 0.01296 0.02016 0.00864 0.03024 0.01296 0.02016 0.00864 0.04704 0.02016 0.03136 0.01344 0.04704 0.02016 0.03136 0.01344 0.07056 0.03024 0.04704 0.02016 0.07056 0.03024 0.04704 0.02016
13 0.00504 0.00216 0.00336 0.00144 0.00504 0.00216 0.00336 0.00144 0.00756 0.00324 0.00504 0.00216 0.00756 0.00324 0.00504 0.00216 0.01176 0.00504 0.00784 0.00336 0.01176 0.00504 0.00784 0.00336 0.01764 0.00756 0.01176 0.00504 0.01764 0.00756 0.01176 0.00504 0.02016 0.00864 0.01344 0.00576 0.02016 0.00864 0.01344 0.00576 0.03024 0.01296 0.02016 0.00864 0.03024 0.01296 0.02016 0.00864 0.04704 0.02016 0.03136 0.01344 0.04704 0.02016 0.03136 0.01344 0.07056 0.03024 0.04704 0.02016 0.07056 0.03024 0.04704 0.02016
14 0.00504 0.00216 0.00336 0.00144 0.00504 0.00216 0.00336 0.00144 0.00756 0.00324 0.00504 0.00216 0.00756 0.00324 0.00504 0.00216 0.01176 0.00504 0.00784 0.00336 0.01176 0.00504 0.00784 0.00336 0.01764 0.00756 0.01176 0.00504 0.01764 0.00756 0.01176 0.00504 0.02016 0.00864 0.01344 0.00576 0.02016 0.00864 0.01344 0.00576 0.03024 0.01296 0.02016 0.00864 0.03024 0.01296 0.02016 0.00864 0.04704 0.02016 0.03136 0.01344 0.04704 0.02016 0.03136 0.01344 0.07056 0.03024 0.04704 0.02016 0.07056 0.03024 0.04704 0.02016
15 0.00504 0.00216 0.00336 0.00144 0.00504 0.00216 0.00336 0.00144 0.00756 0.00324 0.00504 0.00216 0.00756 0.00324 0.00504 0.00216 0.01176 0.00504 0.00784 0.00336 0.01176 0.00504 0.00784 0.00336 0.01764 0.00756 0.01176 0.00504 0.01764 0.00756 0.01176 0.00504 0.02016 0.00864 0.01344 0.00576 0.02016 0.00864 0.01344 0.00576 0.03024 0.01296 0.02016 0.00864 0.03024 0.01296 0.02016 0.00864 0.04704 0.02016 0.03136 0.01344 0.04704 0.02016 0.03136 0.01344 0.07056 0.03024 0.04704 0.02016 0.07056 0.03024 0.04704 0.02016
16 0.00504 0.00216 0.00336 0.00144 0.00504 0.00216 0.00336 0.00144 0.00756 0.00324 0.00504 0.00216 0.00756 0.00324 0.00504 0.00216 0.01176 0.00504 0.00784 0.00336 0.01176 0.00504 0.00784 0.00336 0.01764 0.00756 0.01176 0.00504 0.01764 0.00756 0.01176 0.00504 0.02016 0.00864 0.01344 0.00576 0.02016 0.00864 0.01344 0.00576 0.03024 0.01296 0.02016 0.00864 0.03024 0.01296 0.02016 0.00864 0.04704 0.02016 0.03136 0.01344 0.04704 0.02016 0.03136 0.01344 0.07056 0.03024 0.04704 0.02016 0.07056 0.03024 0.04704 0.02016
17 0.00504 0.00216 0.00336 0.00144 0.00504 0.00216 0.00336 0.00144 0.00756 0.00324 0.00504 0.00216 0.00756 0.00324 0.00504 0.00216 0.01176 0.00504 0.00784 0.00336 0.01176 0.00504 0.00784 0.00336 0.01764 0.00756 0.01176 0.00504 0.01764 0.00756 0.01176 0.00504 0.02016 0.00864 0.01344 0.00576 0.02016 0.00864 0.01344 0.00576 0.03024 0.01296 0.02016 0.00864 0.03024 0.01296 0.02016 0.00864 0.04704 0.02016 0.03136 0.01344 0.04704 0.02016 0.03136 0.01344 0.07056 0.03024 0.04704 0.02016 0.07056 0.03024 0.04704 0.02016
18 0.00504 0.00216 0.00336 0.00144 0.00504 0.00216 0.00336 0.00144 0.00756 0.00324 0.00504 0.00216 0.00756 0.00324 0.00504 0.00216 0.01176 0.00504 0.00784 0.00336 0.01176 0.00504 0.00784 0.00336 0.01764 0.00756 0.01176 0.00504 0.01764 0.00756 0.01176 0.00504 0.02016 0.00864 0.01344 0.00576 0.02016 0.00864 0.01344 0.00576 0.03024 0.01296 0.02016 0.00864 0.03024 0.01296 0.02016 0.00864 0.04704 0.02016 0.03136 0.01344 0.04704 0.02016 0.03136 0.01344 0.07056 0.03024 0.04704 0.02016 0.07056 0.03024 0.04704 0.02016
19 0.00504 0.00216 0.00336 0.00144 0.00504 0.00216 0.00336 0.00144 0.00756 0.00324 0.00504 0.00216 0.00756 0.00324 0.00504 0.00216 0.01176 0.00504 0.00784 0.00336 0.01176 0.00504 0.00784 0.00336 0.01764 0.00756 0.01176 0.00504 0.01764 0.00756 0.01176 0.00504 0.02016 0.00864 0.01344 0.00576 0.02016 0.00864 0.01344 0.00576 0.03024 0.01296 0.02016 0.00864 0.03024 0.01296 0.02016 0.00864 0.04704 0.02016 0.03136 0.01344 0.04704 0.02016 0.03136 0.01344 0.07056 0.03024 0.04704 0.02016 0.07056 0.03024 0.04704 0.02016
20 0.00504 0.00216 0.00336 0.00144 0.00504 0.00216 0.00336 0.00144 0.00756 0.00324 0.00504 0.00216 0.00756 0.00324 0.00504 0.00216 0.01176 0.00504 0.00784 0.00336 0.01176 0.00504 0.00784 0.00336 0.01764 0.00756 0.01176 0.00504 0.01764 0.00756 0.01176 0.00504 0.02016 0.00864 0.01344 0.00576 0.02016 0.00864 0.01344 0.00576 0.03024 0.01296 0.02016 0.00864 0.03024 0.01296 0.02016 0.00864 0.04704 0.02016 0.03136 0.01344 0.04704 0.02016 0.03136 0.01344 0.07056 0.03024 0.04704 0.02016 0.07056 0.03024 0.04704 0.02016
21 0.00504 0.00216 0.00336 0.00144 0.00504 0.00216 0.00336 0.00144 0.00756 0.00324 0.00504 0.00216 0.00756 0.00324 0.00504 0.00216 0.01176 0.00504 0.00784 0.00336 0.01176 0.00504 0.00784 0.00336 0.01764 0.00756 0.01176 0.00504 0.01764 0.00756 0.01176 0.00504 0.02016 0.00864 0.01344 0.00576 0.02016 0.00864 0.01344 0.00576 0.03024 0.01296 0.02016 0.00864 0.03024 0.01296 0.02016 0.00864 0.04704 0.02016 0.03136 0.01344 0.04704 0.02016 0.03136 0.01344 0.07056 0.03024 0.04704 0.02016 0.07056 0.03024 0.04704 0.02016
22 0.00504 0.00216 0.00336 0.00144 0.00504 0.00216 0.00336 0.00144 0.00756 0.00324 0.00504 0.00216 0.00756 0.00324 0.00504 0.00216 0.01176 0.00504 0.00784 0.00336 0.01176 0.00504 0.00784 0.00336 0.01764 0.00756 0.01176 0.00504 0.01764 0.00756 0.01176 0.00504 0.02016 0.00864 0.01344 0.00576 0.02016 0.00864 0.01344 0.00576 0.03024 0.01296 0.02016 0.00864 0.03024 0.01296 0.02016 0.00864 0.04704 0.02016 0.03136 0.01344 0.04704 0.02016 0.03136 0.01344 0.07056 0.03024 0.04704 0.02016 0.07056 0.03024 0.04704 0.02016
23 0.00504 0.00216 0.00336 0.00144 0.00504 0.00216 0.00336 0.00144 0.00756 0.00324 0.00504 0.00216 0.00756 0.00324 0.00504 0.00216 0.01176 0.00504 0.00784 0.00336 0.01176 0.00504 0.00784 0.00336 0.01764 0.00756 0.01176 0.00504 0.01764 0.00756 0.01176 0.00504 0.02016 0.00864 0.01344 0.00576 0.02016 0.00864 0.01344 0.00576 0.03024 0.01296 0.02016 0.00864 0.03024 0.01296 0.02016 0.00864 0.04704 0.02016 0.03136 0.01344 0.04704 0.02016 0.03136 0.01344 0.07056 0.03024 0.04704 0.02016 0.07056 0.03024 0.04704 0.02016
24 0.00504 0.00216 0.00336 0.00144 0.00504 0.00216 0.00336 0.00144 0.00756 0.00324 0.00504 0.00216 0.00756 0.00324 0.00504 0.00216 0.01176 0.00504 0.00784 0.00336 0.01176 0.00504 0.00784 0.00336 0.01764 0.00756 0.01176 0.00504 0.01764 0.00756 0.01176 0.00504 0.02016 0.00864 0.01344 0.00576 0.02016 0.00864 0.01344 0.00576 0.03024 0.01296 0.02016 0.00864 0.03024 0.01296 0.02016 0.00864 0.04704 0.02016 0.03136 0.01344 0.04704 0.02016 0.03136 0.01344 0.07056 0.03024 0.04704 0.02016 0.07056 0.03024 0.04704 0.02016
25 0.00504 0.00216 0.00336 0.00144 0.00504 0.00216 0.00336 0.00144 0.00756 0.00324 0.00504 0.00216 0.00756 0.00324 0.00504 0.00216 0.01176 0.00504 0.00784 0.00336 0.01176 0.00504 0.00784 0.00336 0.01764 0.00756 0.01176 0.00504 0.01764 0.00756 0.01176 0.00504 0.02016 0.00864 0.01344 0.00576 0.02016 0.00864 0.01344 0.00576 0.03024 0.01296 0.02016 0.00864 0.03024 0.01296 0.02016 0.00864 0.04704 0.02016 0.03136 0.01344 0.04704 0.02016 0.03136 0.01344 0.07056 0.03024 0.04704 0.02016 0.07056 0.03024 0.04704 0.02016
26 0.00504 0.00216 0.00336 0.00144 0.00504 0.00216 0.00336 0.00144 0.00756 0.00324 0.00504 0.00216 0.00756 0.00324 0.00504 0.00216 0.01176 0.00504 0.00784 0.00336 0.01176 0.00504 0.00784 0.00336 0.01764 0.00756 0.01176 0.00504 0.01764 0.00756 0.01176 0.00504 0.02016 0.00864 0.01344 0.00576 0.02016 0.00864 0.01344 0.00576 0.03024 0.01296 0.02016 0.00864 0.03024 0.01296 0.02016 0.00864 0.04704 0.02016 0.03136 0.01344 0.04704 0.02016 0.03136 0.01344 0.07056 0.03024 0.04704 0.02016 0.07056 0.03024 0.04704 0.02016
27 0.00504 0.00216 0.00336 0.00144 0.00504 0.00216 0.00336 0.00144 0.00756 0.00324 0.00504 0.00216 0.00756 0.00324 0.00504 0.00216 0.01176 0.00504 0.00784 0.00336 0.01176 0.00504 0.00784 0.00336 0.01764 0.00756 0.01176 0.00504 0.01764 0.00756 0.01176 0.00504 0.02016 0.00864 0.01344 0.00576 0.02016 0.00864 0.01344 0.00576 0.03024 0.01296 0.02016 0.00864 0.03024 0.01296 0.02016 0.00864 0.04704 0.02016 0.03136 0.01344 0.04704 0.02016 0.03136 0.01344 0.07056 0.03024 0.04704 0.02016 0.07056 0.03024 0.04704 0.02016
28 0.00504 0.00216 0.00336 0.00144 0.00504 0.00216 0.00336 0.00144 0.00756 0.00324 0.00504 0.00216 0.00756 0.00324 0.00504 0.00216 0.01176 0.00504 0.00784 0.00336 0.01176 0.00504 0.00784 0.00336 0.01764 0.00756 0.01176 0.00504 0.01764 0.00756 0.01176 0.00504 0.02016 0.00864 0.01344 0.00576 0.02016 0.00864 0.01344 0.00576 0.03024 0.01296 0.02016 0.00864 0.03024 0.01296 0.02016 0.00864 0.04704 0.02016 0.03136 0.01344 0.04704 0.02016 0.03136 0.01344 0.07056 0.03024 0.04704 0.02016 0.07056 0.03024 0.04704 0.02016
29 0.00504 0.00216 0.00336 0.00144 0.00504 0.00216 0.00336 0.00144 0.00756 0.00324 0.00504 0.00216 0.00756 0.00324 0.00504 0.00216 0.01176 0.00504 0.00784 0.00336 0.01176 0.00504 0.00784 0.00336 0.01764 0.00756 0.01176 0.00504 0.01764 0.00756 0.01176 0.00504 0.02016 0.00864 0.01344 0.00576 0.02016 0.00864 0.01344 0.00576 0.03024 0.01296 0.02016 0.00864 0.03024 0.01296 0.02016 0.00864 0.04704 0.02016 0.03136 0.01344 0.04704 0.02016 0.03136 0.01344 0.07056 0.03024 0.04704 0.02016 0.07056 0.03024 0.04704 0.02016
30 0.00504 0.00216 0.00336 0.00144 0.00504 0.00216 0.00336 0.00144 0.00756 0.00324 0.00504 0.00216 0.00756 0.00324 0.00504 0.00216 0.01176 0.00504 0.00784 0.00336 0.01176 0.00504 0.00784 0.00336 0.01764 0.00756 0.01176 0.00504 0.01764 0.00756 0.01176 0.00504 0.02016 0.00864 0.01344 0.00576 0.02016 0.00864 0.01344 0.00576 0.03024 0.01296 0.02016 0.00864 0.03024 0.01296 0.02016 0.00864 0.04704 0.02016 0.03136 0.01344 0.04704 0.02016 0.03136 0.01344 0.07056 0.03024 0.04704 0.02016 0.07056 0.03024 0.04704 0.02016
31 0.00504 0.00216 0.00336 0.00144 0.00504 0.00216 0.00336 0.00144 0.00756 0.00324 0.00504 0.00216 0.00756 0.00324 0.00504 0.00216 0.01176 0.00504 0.00784 0.00336 0.01176 0.00504 0.00784 0.00336 0.01764 0.00756 0.01176 0.00504 0.01764 0.00756 0.01176 0.00504 0.02016 0.00864 0.01344 0.00576 0.02016 0.00864 0.01344 0.00576 0.03024 0.01296 0.02016 0.00864 0.03024 0.01296 0.02016 0.00864 0.04704 0.02016 0.03136 0.01344 0.04704 0.02016 0.03136 0.01344 0.07056 0.03024 0.04704 0.02016 0.07056 0.03024 0.04704 0.02016
32 0.00504 0.00216 0.00336 0.00144 0.00504 0.00216 0.00336 0.00144 0.00756 0.00324 0.00504 0.00216 0.00756 0.00324 0.00504 0.00216 0.01176 0.00504 0.00784 0.00336 0.01176 0.00504 0.00784 0.00336 0.01764 0.00756 0.01176 0.00504 0.01764 0.00756 0.01176 0.00504 0.02016 0.00864 0.01344 0.00576 0.02016 0.00864 0.01344 0.00576 0.03024 0.01296 0.02016 0.00864 0.03024 0.01296 0.02016 0.00864 0.04704 0.02016 0.03136 0.01344 0.04704 0.02016 0.03136 0.01344 0.07056 0.03024 0.04704 0.02016 0.07056 0.03024 0.04704 0.02016
33 0.00504 0.00216 0.00336 0.00144 0.00504 0.00216 0.00336 0.00144 0.00756 0.00324 0.00504 0.00216 0.00756 0.00324 0.00504 0.00216 0.01176 0.00504 0.00784 0.00336 0.01176 0.00504 0.00784 0.00336 0.01764 0.00756 0.01176 0.00504 0.01764 0.00756 0.01176 0.00504 0.02016 0.00864 0.01344 0.00576 0.02016 0.00864 0.01344 0.00576 0.03024 0.01296 0.02016 0.00864 0.03024 0.01296 0.02016 0.00864 0.04704 0.02016 0.03136 0.01344 0.04704 0.02016 0.03136 0.01344 0.07056 0.03024 0.04704 0.02016 0.07056 0.03024 0.04704 0.02016
34 0.00504 0.00216 0.00336 0.00144 0.00504 0.00216 0.00336 0.00144 0.00756 0.00324 0.00504 0.00216 0.00756 0.00324 0.00504 0.00216 0.01176 0.00504 0.00784 0.00336 0.01176 0.00504 0.00784 0.00336 0.01764 0.00756 0.01176 0.00504 0.01764 0.00756 0.01176 0.00504 0.02016 0.00864 0.01344 0.00576 0.02016 0.00864 0.01344 0.00576 0.03024 0.01296 0.02016 0.00864 0.03024 0.01296 0.02016 0.00864 0.04704 0.02016 0.03136 0.01344 0.04704 0.02016 0.03136 0.01344 0.07056 0.03024 0.04704 0.02016 0.07056 0.03024 0.04704 0.02016
35 0.00504 0.00216 0.00336 0.00144 0.00504 0.00216 0.00336 0.00144 0.00756 0.00324 0.00504 0.00216 0.00756 0.00324 0.00504 0.00216 0.01176 0.00504 0.00784 0.00336 0.01176 0.00504 0.00784 0.00336 0.01764 0.00756 0.01176 0.00504 0.01764 0.00756 0.01176 0.00504 0.02016 0.00864 0.01344 0.00576 0.02016 0.00864 0.01344 0.00576 0.03024 0.01296 0.02016 0.00864 0.03024 0.01296 0.02016 0.00864 0.04704 0.02016 0.03136 0.01344 0.04704 0.02016 0.03136 0.01344 0.07056 0.03024 0.04704 0.02016 0.07056 0.03024 0.04704 0.02016
36 0.00504 0.00216 0.00336 0.00144 0.00504 0.00216 0.00336 0.00144 0.00756 0.00324 0.00504 0.00216 0.00756 0.00324 0.00504 0.00216 0.01176 0.00504 0.00784 0.00336 0.01176 0.00504 0.00784 0.00336 0.01764 0.00756 0.01176 0.00504 0.01764 0.00756 0.01176 0.00504 0.02016 0.00864 0.01344 0.00576 0.02016 0.00864 0.01344 0.00576 0.03024 0.01296 0.02016 0.00864 0.03024 0.01296 0.02016 0.00864 0.04704 0.02016 0.03136 0.01344 0.04704 0.02016 0.03136 0.01344 0.07056 0.03024 0.04704 0.02016 0.07056 0.03024 0.04704 0.02016
37 0.00504 0.00216 0.00336 0.00144 0.00504 0.00216 0.00336 0.00144 0.00756 0.00324 0.00504 0.00216 0.00756 0.00324 0.00504 0.00216 0.01176 0.00504 0.00784 0.00336 0.01176 0.00504 0.00784 0.00336 0.01764 0.00756 0.01176 0.00504 0.01764 0.00756 0.01176 0.00504 0.02016 0.00864 0.01344 0.00576 0.02016 0.00864 0.01344 0.00576 0.03024 0.01296 0.02016 0.00864 0.03024 0.01296 0.02016 0.00864 0.04704 0.02016 0.03136 0.01344 0.04704 0.02016 0.03136 0.01344 0.07056 0.03024 0.04704 0.02016 0.07056 0.03024 0.04704 0.02016
38 0.00504 0.00216 0.00336 0.00144 0.00504 0.00216 0.00336 0.00144 0.00756 0.00324 0.00504 0.00216 0.00756 0.00324 0.00504 0.00216 0.01176 0.00504 0.00784 0.00336 0.01176 0.00504 0.00784 0.00336 0.01764 0.00756 0.01176 0.00504 0.01764 0.00756 0.01176 0.00504 0.02016 0.00864 0.01344 0.00576 0.02016 0.00864 0.01344 0.00576 0.03024 0.01296 0.02016 0.00864 0.03024 0.01296 0.02016 0.00864 0.04704 0.02016 0.03136 0.01344 0.04704 0.02016 0.03136 0.01344 0.07056 0.03024 0.04704 0.02016 0.07056 0.03024 0.04704 0.02016
39 0.00504 0.00216 0.00336 0.00144 0.00504 0.00216 0.00336 0.00144 0.00756 0.00324 0.00504 0.00216 0.00756 0.00324 0.00504 0.00216 0.01176 0.00504 0.00784 0.00336 0.01176 0.00504 0.00784 0.00336 0.01764 0.00756 0.01176 0.00504 0.01764 0.00756 0.01176 0.00504 0.02016 0.00864 0.01344 0.00576 0.02016 0.00864 0.01344 0.00576 0.03024 0.01296 0.02016 0.00864 0.03024 0.01296 0.02016 0.00864 0.04704 0.02016 0.03136 0.01344 0.04704 0.02016 0.03136 0.01344 0.07056 0.03024 0.04704 0.02016 0.07056 0.03024 0.04704 0.02016
40 0.00504 0.00216 0.00336 0.00144 0.00504 0.00216 0.00336 0.00144 0.00756 0.00324 0.00504 0.00216 0.00756 0.00324 0.00504 0.00216 0.01176 0.00504 0.00784 0.00336 0.01176 0.00504 0.00784 0.00336 0.01764 0.00756 0.01176 0.00504 0.01764 0.00756 0.01176 0.00504 0.02016 0.00864 0.01344 0.00576 0.02016 0.00864 0.01344 0.00576 0.03024 0.01296 0.02016 0.00864 0.03024 0.01296 0.02016 0.00864 0.04704 0.02016 0.03136 0.01344 0.04704 0.02016 0.03136 0.01344 0.07056 0.03024 0.04704 0.02016 0.07056 0.03024 0.04704 0.02016
41 0.00504 0.00216 0.00336 0.00144 0.00504 0.00216 0.00336 0.00144 0.00756 0.00324 0.00504 0.00216 0.00756 0.00324 0.00504 0.00216 0.01176 0.00504 0.00784 0.00336 0.01176 0.00504 0.00784 0.00336 0.01764 0.00756 0.01176 0.00504 0.01764 0.00756 0.01176 0.00504 0.02016 0.00864 0.01344 0.00576 0.02016 0.00864 0.01344 0.00576 0.03024 0.01296 0.02016 0.00864 0.03024 0.01296 0.02016 0.00864 0.04704 0.02016 0.03136 0.01344 0.04704 0.02016 0.03136 0.01344 0.07056 0.03024 0.04704 0.02016 0.07056 0.03024 0.04704 0.02016
42 0.00504 0.00216 0.00336 0.00144 0.00504 0.00216 0.00336 0.00144 0.00756 0.00324 0.00504 0.00216 0.00756 0.00324 0.00504 0.00216 0.01176 0.00504 0.00784 0.00336 0.01176 0.00504 0.00784 0.00336 0.01764 0.00756 0.01176 0.00504 0.01764 0.00756 0.01176 0.00504 0.02016 0.00864 0.01344 0.00576 0.02016 0.00864 0.01344 0.00576 0.03024 0.01296 0.02016 0.00864 0.03024 0.01296 0.02016 0.00864 0.04704 0.02016 0.03136 0.01344 0.04704 0.02016 0.03136 0.01344 0.07056 0.03024 0.04704 0.02016 0.07056 0.03024 0.04704 0.02016
43 0.00504 0.00216 0.00336 0.00144 0.00504 0.00216 0.00336 0.00144 0.00756 0.00324 0.00504 0.00216 0.00756 0.00324 0.00504 0.00216 0.01176 0.00504 0.00784 0.00336 0.01176 0.00504 0.00784 0.00336 0.01764 0.00756 0.01176 0.00504 0.01764 0.00756 0.01176 0.00504 0.02016 0.00864 0.01344 0.00576 0.02016 0.00864 0.01344 0.00576 0.03024 0.01296 0.02016 0.00864 0.03024 0.01296 0.02016 0.00864 0.04704 0.02016 0.03136 0.01344 0.04704 0.02016 0.03136 0.01344 0.07056 0.03024 0.04704 0.02016 0.07056 0.03024 0.04704 0.02016
44 0.00504 0.00216 0.00336 0.00144 0.00504 0.00216 0.00336 0.00144 0.00756 0.00324 0.00504 0.00216 0.00756 0.00324 0.00504 0.00216 0.01176 0.00504 0.00784 0.00336 0.01176 0.00504 0.00784 0.00336 0.01764 0.00756 0.01176 0.00504 0.01764 0.00756 0.01176 0.00504 0.02016 0.00864 0.01344 0.00576 0.02016 0.00864 0.01344 0.00576 0.03024 0.01296 0.02016 0.00864 0.03024 0.01296 0.02016 0.00864 0.04704 0.02016 0.03136 0.01344 0.04704 0.02016 0.03136 0.01344 0.07056 0.03024 0.04704 0.02016 0.07056 0.03024 0.04704 0.02016
45 0.00504 0.00216 0.00336 0.00144 0.00504 0.00216 0.00336 0.00144 0.00756 0.00324 0.00504 0.00216 0.00756 0.00324 0.00504 0.00216 0.01176 0.00504 0.00784 0.00336 0.01176 0.00504 0.00784 0.00336 0.01764 0.00756 0.01176 0.00504 0.01764 0.00756 0.01176 0.00504 0.02016 0.00864 0.01344 0.00576 0.02016 0.00864 0.01344 0.00576 0.03024 0.01296 0.02016 0.00864 0.03024 0.01296 0.02016 0.00864 0.04704 0.02016 0.03136 0.01344 0.04704 0.02016 0.03136 0.01344 0.07056 0.03024 0.04704 0.02016 0.07056 0.03024 0.04704 0.02016
46 0.00504 0.00216 0.00336 0.00144 0.00504 0.00216 0.00336 0.00144 0.00756 0.00324 0.00504 0.00216 0.00756 0.00324 0.00504 0.00216 0.01176 0.00504 0.00784 0.00336 0.01176 0.00504 0.00784 0.00336 0.01764 0.00756 0.01176 0.00504 0.01764 0.00756 0.01176 0.00504 0.02016 0.00864 0.01344 0.00576 0.02016 0.00864 0.01344 0.00576 0.03024 0.01296 0.02016 0.00864 0.03024 0.01296 0.02016 0.00864 0.04704 0.02016 0.03136 0.01344 0.04704 0.02016 0.03136 0.01344 0.07056 0.03024 0.04704 0.02016 0.07056 0.03024 0.04704 0.02016
47 0.00504 0.00216 0.00336 0.00144 0.00504 0.00216 0.00336 0.00144 0.00756 0.00324 0.00504 0.00216 0.00756 0.00324 0.00504 0.00216 0.01176 0.00504 0.00784 0.00336 0.01176 0.00504 0.00784 0.00336 0.01764 0.00756 0.01176 0.00504 0.01764 0.00756 0.01176 0.00504 0.02016 0.00864 0.01344 0.00576 0.02016 0.00864 0.01344 0.00576 0.03024 0.01296 0.02016 0.00864 0.03024 0.01296 0.02016 0.00864 0.04704 0.02016 0.03136 0.01344 0.04704 0.02016 0.03136 0.01344 0.07056 0.03024 0.04704 0.02016 0.07056 0.03024 0.04704 0.02016
48 0.00504 0.00216 0.00336 0.00144 0.00504 0.00216 0.00336 0.00144 0.00756 0.00324 0.00504 0.00216 0.00756 0.00324 0.00504 0.00216 0.01176 0.00504 0.00784 0.00336 0.01176 0.00504 0.00784 0.00336 0.01764 0.00756 0.01176 0.00504 0.01764 0.00756 0.01176 0.00504 0.02016 0.00864 0.01344 0.00576 0.02016 0.00864 0.01344 0.00576 0.03024 0.01296 0.02016 0.00864 0.03024 0.01296 0.02016 0.00864 0.04704 0.02016 0.03136 0.01344 0.04704 0.02016 0.03136 0.01344 0.07056 0.03024 0.04704 0.02016 0.07056 0.03024 0.04704 0.02016
49 0.00504 0.00216 0.00336 0.00144 0.00504 0.00216 0.00336 0.00144 0.00756 0.00324 0.00504 0.00216 0.00756 0.00324 0.00504 0.00216 0.01176 0.00504 0.00784 0.00336 0.01176 0.00504 0.00784 0.00336 0.01764 0.00756 0.01176 0.00504 0.01764 0.00756 0.01176 0.00504 0.02016 0.00864 0.01344 0.00576 0.02016 0.00864 0.01344 0.00576 0.03024 0.01296 0.02016 0.00864 0.03024 0.01296 0.02016 0.00864 0.04704 0.02016 0.03136 0.01344 0.04704 0.02016 0.03136 0.01344 0.07056 0.03024 0.04704 0.02016 0.07056 0.03024 0.04704 0.02016
50 0.00504 0.00216 0.00336 0.00144 0.00504 0.00216 0.00336 0.00144 0.00756 0.00324 0.00504 0.00216 0.00756 0.00324 0.00504 0.00216 0.01176 0.00504 0.00784 0.00336 0.01176 0.00504 0.00784 0.00336 0.01764 0.00756 0.01176 0.00504 0.01764 0.00756 0.01176 0.00504 0.02016 0.00864 0.01344 0.00576 0.02016 0.00864 0.01344 0.00576 0.03024 0.01296 0.02016 0.00864 0.03024 0.01296 0.02016 0.00864 0.04704 0.02016 0.03136 0.01344 0.04704 0.02016 0.03136 0.01344 0.07056 0.03024 0.04704 0.02016 0.07056 0.03024 0.04704 0.02016
51 0.00504 0.00216 0.00336 0.00144 0.00504 0.00216 0.00336 0.00144 0.00756 0.00324 0.00504 0.00216 0.00756 0.00324 0.00504 0.00216 0.01176 0.00504 0.00784 0.00336 0.01176 0.00504 0.00784 0.00336 0.01764 0.00756 0.01176 0.00504 0.01764 0.00756 0.01176 0.00504 0.02016 0.00864 0.01344 0.00576 0.02016 0.00864 0.01344 0.00576 0.03024 0.01296 0.02016 0.00864 0.03024 0.01296 0.02016 0.00864 0.04704 0.02016 0.03136 0.01344 0.04704 0.02016 0.03136 0.01344 0.07056 0.03024 0.04704 0.02016 0.07056 0.03024 0.04704 0.02016
52 0.00504 0.00216 0.00336 0.00144 0.00504 0.00216 0.00336 0.00144 0.00756 0.00324 0.00504 0.00216 0.00756 0.00324 0.00504 0.00216 0.01176 0.00504 0.00784 0.00336 0.01176 0.00504 0.00784 0.00336 0.01764 0.00756 0.01176 0.00504 0.01764 0.00756 0.01176 0.00504 0.02016 0.00864 0.01344 0.00576 0.02016 0.00864 0.01344 0.00576 0.03024 0.01296 0.02016 0.00864 0.03024 0.01296 0.02016 0.00864 0.04704 0.02016 0.03136 0.01344 0.04704 0.02016 0.03136 0.01344 0.07056 0.03024 0.04704 0.02016 0.07056 0.03024 0.04704 0.02016
53 0.00504 0.00216 0.00336 0.00144 0.00504 0.00216 0.00336 0.00144 0.00756 0.00324 0.00504 0.00216 0.00756 0.00324 0.00504 0.00216 0.01176 0.00504 0.00784 0.00336 0.01176 0.00504 0.00784 0.00336 0.01764 0.00756 0.01176 0.00504 0.01764 0.00756 0.01176 0.00504 0.02016 0.00864 0.01344 0.00576 0.02016 0.00864 0.01344 0.00576 0.03024 0.01296 0.02016 0.00864 0.03024 0.01296 0.02016 0.00864 0.04704 0.02016 0.03136 0.01344 0.04704 0.02016 0.03136 0.01344 0.07056 0.03024 0.04704 0.02016 0.07056 0.03024 0.04704 0.02016
54 0.00504 0.00216 0.00336 0.00144 0.00504 0.00216 0.00336 0.00144 0.00756 0.00324 0.00504 0.00216 0.00756 0.00324 0.00504 0.00216 0.01176 0.00504 0.00784 0.00336 0.01176 0.00504 0.00784 0.00336 0.01764 0.00756 0.01176 0.00504 0.01764 0.00756 0.01176 0.00504 0.02016 0.00864 0.01344 0.00576 0.02016 0.00864 0.01344 0.00576 0.03024 0.01296 0.02016 0.00864 0.03024 0.01296 0.02016 0.00864 0.04704 0.02016 0.03136 0.01344 0.04704 0.02016 0.03136 0.01344 0.07056 0.03024 0.04704 0.02016 0.07056 0.03024 0.04704 0.02016
55 0.00504 0.00216 0.00336 0.00144 0.00504 0.00216 0.00336 0.00144 0.00756 0.00324 0.00504 0.00216 0.00756 0.00324 0.00504 0.00216 0.01176 0.00504 0.00784 0.00336 0.01176 0.00504 0.00784 0.00336 0.01764 0.00756 0.01176 0.00504 0.01764 0.00756 0.01176 0.00504 0.02016 0.00864 0.01344 0.00576 0.02016 0.00864 0.01344 0.00576 0.03024 0.01296 0.02016 0.00864 0.03024 0.01296 0.02016 0.00864 0.04704 0.02016 0.03136 0.01344 0.04704 0.02016 0.03136 0.01344 0.07056 0.03024 0.04704 0.02016 0.07056 0.03024 0.04704 0.02016
56 0.00504 0.00216 0.00336 0.00144 0.00504 0.00216 0.00336 0.00144 0.00756 0.00324 0.00504 0.00216 0.00756 0.00324 0.00504 0.00216 0.01176 0.00504 0.00784 0.00336 0.01176 0.00504 0.00784 0.00336 0.01764 0.00756 0.01176 0.00504 0.01764 0.00756 0.01176 0.00504 0.02016 0.00864 0.01344 0.00576 0.02016 0.00864 0.01344 0.00576 0.03024 0.01296 0.02016 0.00864 0.03024 0.01296 0.02016 0.00864 0.04704 0.02016 0.03136 0.01344 0.04704 0.02016 0.03136 0.01344 0.07056 0.03024 0.04704 0.02016 0.07056 0.03024 0.04704 0.02016
57 0.00504 0.00216 0.00336 0.00144 0.00504 0.00216 0.00336 0.00144 0.00756 0.00324 0.00504 0.00216 0.00756 0.00324 0.00504 0.00216 0.01176 0.00504 0.00784 0.00336 0.01176 0.00504 0.00784 0.00336 0.01764 0.00756 0.01176 0.00504 0.01764 0.00756 0.01176 0.00504 0.02016 0.00864 0.01344 0.00576 0.02016 0.00864 0.01344 0.00576 0.03024 0.01296 0.02016 0.00864 0.03024 0.01296 0.02016 0.00864 0.04704 0.02016 0.03136 0.01344 0.04704 0.02016 0.03136 0.01344 0.07056 0.03024 0.04704 0.02016 0.07056 0.03024 0.04704 0.02016
58 0.00504 0.00216 0.00336 0.00144 0.00504 0.00216 0.00336 0.00144 0.00756 0.00324 0.00504 0.00216 0.00756 0.00324 0.00504 0.00216 0.01176 0.00504 0.00784 0.00336 0.01176 0.00504 0.00784 0.00336 0.01764 0.00756 0.01176 0.00504 0.01764 0.00756 0.01176 0.00504 0.02016 0.00864 0.01344 0.00576 0.02016 0.00864 0.01344 0.00576 0.03024 0.01296 0.02016 0.00864 0.03024 0.01296 0.02016 0.00864 0.04704 0.02016 0.03136 0.01344 0.04704 0.02016 0.03136 0.01344 0.07056 0.03024 0.04704 0.02016 0.07056 0.03024 0.04704 0.02016
59 0.00504 0.00216 0.00336 0.00144 0.00504 0.00216 0.00336 0.00144 0.00756 0.00324 0.00504 0.00216 0.00756 0.00324 0.00504 0.00216 0.01176 0.00504 0.00784 0.00336 0.01176 0.00504 0.00784 0.00336 0.01764 0.00756 0.01176 0.00504 0.01764 0.00756 0.01176 0.00504 0.02016 0.00864 0.01344 0.00576 0.02016 0.00864 0.01344 0.00576 0.03024 0.01296 0.02016 0.00864 0.03024 0.01296 0.02016 0.00864 0.04704 0.02016 0.03136 0.01344 0.04704 0.02016 0.03136 0.01344 0.07056 0.03024 0.04704 0.02016 0.07056 0.03024 0.04704 0.02016
60 0.00504 0.00216 0.00336 0.00144 0.00504 0.00216 0.00336 0.00144 0.00756 0.00324 0.00504 0.00216 0.00756 0.00324 0.00504 0.00216 0.01176 0.00504 0.00784 0.00336 0.01176 0.00504 0.00784 0.00336 0.01764 0.00756 0.01176 0.00504 0.01764 0.00756 0.01176 0.00504 0.02016 0.00864 0.01344 0.00576 0.02016 0.00864 0.01344 0.00576 0.03024 0.01296 0.02016 0.00864 0.03024 0.01296 0.02016 0.00864 0.04704 0.02016 0.03136 0.01344 0.04704 0.02016 0.03136 0.01344 0.07056 0.03024 0.04704 0.02016 0.07056 0.03024 0.04704 0.02016
61 0.00504 0.00216 0.00336 0.00144 0.00504 0.00216 0.00336 0.00144 0.00756 0.00324 0.00504 0.00216 0.00756 0.00324 0.00504 0.00216 0.01176 0.00504 0.00784 0.00336 0.01176 0.00504 0.00784 0.00336 0.01764 0.00756 0.01176 0.00504 0.01764 0.00756 0.01176 0.00504 0.02016 0.00864 0.01344 0.00576 0.02016 0.00864 0.01344 0.00576 0.03024 0.01296 0.02016 0.00864 0.03024 0.01296 0.02016 0.00864 0.04704 0.02016 0.03136 0.01344 0.04704 0.02016 0.03136 0.01344 0.07056 0.03024 0.04704 0.02016 0.07056 0.03024 0.04704 0.02016
62 0.00504 0.00216 0.00336 0.00144 0.00504 0.00216 0.00336 0.00144 0.00756 0.00324 0.00504 0.00216 0.00756 0.00324 0.00504 0.00216 0.01176 0.00504 0.00784 0.00336 0.01176 0.00504 0.00784 0.00336 0.01764 0.00756 0.01176 0.00504 0.01764 0.00756 0.01176 0.00504 0.02016 0.00864 0.01344 0.00576 0.02016 0.00864 0.01344 0.00576 0.03024 0.01296 0.02016 0.00864 0.03024 0.01296 0.02016 0.00864 0.04704 0.02016 0.03136 0.01344 0.04704 0.02016 0.03136 0.01344 0.07056 0.03024 0.04704 0.02016 0.07056 0.03024 0.04704 0.02016
63 0.00504 0.00216 0.00336 0.00144 0.00504 0.00216 0.00336 0.00144 0.00756 0.00324 0.00504 0.00216 0.00756 0.00324 0.00504 0.00216 0.01176 0.00504 0.00784 0.00336 0.01176 0.00504 0.00784 0.00336 0.01764 0.00756 0.01176 0.00504 0.01764 0.00756 0.01176 0.00504 0.02016 0.00864 0.01344 0.00576 0.02016 0.00864 0.01344 0.00576 0.03024 0.01296 0.02016 0.00864 0.03024 0.01296 0.02016 0.00864 0.04704 0.02016 0.03136 0.01344 0.04704 0.02016 0.03136 0.01344 0.07056 0.03024 0.04704 0.02016 0.07056 0.03024 0.04704 0.02016