0 0.0252 0.0108 0.0168 0.0072 0.0252 0.0108 0.0168 0.0072 0.0378 0.0162 0.0252 0.0108 0.0378 0.0162 0.0252 0.0108 0.0588 0.0252 0.0392 0.0168 0.0588 0.0252 0.0392 0.0168 0.0882 0.0378 0.0588 0.0252 0.0882 0.0378 0.0588 0.0252
1 0.0252 0.0108 0.0168 0.0072 0.0252 0.0108 0.0168 0.0072 0.0378 0.0162 0.0252 0.0108 0.0378 0.0162 0.0252 0.0108 0.0588 0.0252 0.0392 0.0168 0.0588 0.0252 0.0392 0.0168 0.0882 0.0378 0.0588 0.0252 0.0882 0.0378 0.0588 0.0252
2 0.0252 0.0108 0.0168 0.0072 0.0252 0.0108 0.0168 0.0072 0.0378 0.0162 0.0252 0.0108 0.0378 0.0162 0.0252 0.0108 0.0588 0.0252 0.0392 0.0168 0.0588 0.0252 0.0392 0.0168 0.0882 0.0378 0.0588 0.0252 0.0882 0.0378 0.0588 0.0252
3 0.0252 0.0108 0.0168 0.0072 0.0252 0.0108 0.0168 0.0072 0.0378 0.0162 0.0252 0.0108 0.0378 0.0162 0.0252 0.0108 0.0588 0.0252 0.0392 0.0168 0.0588 0.0252 0.0392 0.0168 0.0882 0.0378 0.0588 0.0252 0.0882 0.0378 0.0588 0.0252
4 0.0252 0.0108 0.0168 0.0072 0.0252 0.0108 0.0168 0.0072 0.0378 0.0162 0.0252 0.0108 0.0378 0.0162 0.0252 0.0108 0.0588 0.0252 0.0392 0.0168 0.0588 0.0252 0.0392 0.0168 0.0882 0.0378 0.0588 0.0252 0.0882 0.0378 0.0588 0.0252
5 0.0252 0.0108 0.0168 0.0072 0.0252 0.0108 0.0168 0.0072 0.0378 0.0162 0.0252 0.0108 0.0378 0.0162 0.0252 0.0108 0.0588 0.0252 0.0392 0.0168 0.0588 0.0252 0.0392 0.0168 0.0882 0.0378 0.0588 0.0252 0.0882 0.0378 0.0588 0.0252
6 0.0252 0.0108 0.0168 0.0072 0.0252 0.0108 0.0168 0.0072 0.0378 0.0162 0.0252 0.0108 0.0378 0.0162 0.0252 0.0108 0.0588 0.0252 0.0392 0.0168 0.0588 0.0252 0.0392 0.0168 0.0882 0.0378 0.0588 0.0252 0.0882 0.0378 0.0588 0.0252
7 0.0252 0.0108 0.0168 0.0072 0.0252 0.0108 0.0168 0.0072 0.0378 0.0162 0.0252 0.0108 0.0378 0.0162 0.0252 0.0108 0.0588 0.0252 0.0392 0.0168 0.0588 0.0252 0.0392 0.0168 0.0882 0.0378 0.0588 0.0252 0.0882 0.0378 0.0588 0.0252
8 0.0252 0.0108 0.0168 0.0072 0.0252 0.0108 0.0168 0.0072 0.0378 0.0162 0.0252 0.0108 0.0378 0.0162 0.0252 0.0108 0.0588 0.0252 0.0392 0.0168 0.0588 0.0252 0.0392 0.0168 0.0882 0.0378 0.0588 0.0252 0.0882 0.0378 0.0588 0.0252
9 0.0252 0.0108 0.0168 0.0072 0.0252 0.0108 0.0168 0.0072 0.0378 0.0162 0.0252 0.0108 0.0378 0.0162 0.0252 0.0108 0.0588 0.0252 0.0392 0.0168 0.0588 0.0252 0.0392 0.0168 0.0882 0.0378 0.0588 0.0252 0.0882 0.0378 0.0588 0.0252
10 0.0252 0.0108 0.0168 0.0072 0.0252 0.0108 0.0168 0.0072 0.0378 0.0162 0.0252 0.0108 0.0378 0.0162 0.0252 0.0108 0.0588 0.0252 0.0392 0.0168 0.0588 0.0252 0.0392 0.0168 0.0882 0.0378 0.0588 0.0252 0.0882 0.0378 0.0588 0.0252
11 0.0252 0.0108 0.0168 0.0072 0.0252 0.0108 0.0168 0.0072 0.0378 0.0162 0.0252 0.0108 0.0378 0.0162 0.0252 0.0108 0.0588 0.0252 0.0392 0.0168 0.0588 0.0252 0.0392 0.0168 0.0882 0.0378 0.0588 0.0252 0.0882 0.0378 0.0588 0.0252
12 0.0252 0.0108 0.0168 0.0072 0.0252 0.0108 0.0168 0.0072 0.0378 0.0162 0.0252 0.0108 0.0378 0.0162 0.0252 0.0108 0.0588 0.0252 0.0392 0.0168 0.0588 0.0252 0.0392 0.0168 0.0882 0.0378 0.0588 0.0252 0.0882 0.0378 0.0588 0.0252
13 0.0252 0.0108 0.0168 0.0072 0.0252 0.0108 0.0168 0.0072 0.0378 0.0162 0.0252 0.0108 0.0378 0.0162 0.0252 0.0108 0.0588 0.0252 0.0392 0.0168 0.0588 0.0252 0.0392 0.0168 0.0882 0.0378 0.0588 0.0252 0.0882 0.0378 0.0588 0.0252
14 0.0252 0.0108 0.0168 0.0072 0.0252 0.0108 0.0168 0.0072 0.0378 0.0162 0.0252 0.0108 0.0378 0.0162 0.0252 0.0108 0.0588 0.0252 0.0392 0.0168 0.0588 0.0252 0.0392 0.0168 0.0882 0.0378 0.0588 0.0252 0.0882 0.0378 0.0588 0.0252
15 0.0252 0.0108 0.0168 0.0072 0.0252 0.0108 0.0168 0.0072 0.0378 0.0162 0.0252 0.0108 0.0378 0.0162 0.0252 0.0108 0.0588 0.0252 0.0392 0.0168 0.0588 0.0252 0.0392 0.0168 0.0882 0.0378 0.0588 0.0252 0.0882 0.0378 0.0588 0.0252
16 0.0252 0.0108 0.0168 0.0072 0.0252 0.0108 0.0168 0.0072 0.0378 0.0162 0.0252 0.0108 0.0378 0.0162 0.0252 0.0108 0.0588 0.0252 0.0392 0.0168 0.0588 0.0252 0.0392 0.0168 0.0882 0.0378 0.0588 0.0252 0.0882 0.0378 0.0588 0.0252
17 0.0252 0.0108 0.0168 0.0072 0.0252 0.0108 0.0168 0.0072 0.0378 0.0162 0.0252 0.0108 0.0378 0.0162 0.0252 0.0108 0.0588 0.0252 0.0392 0.0168 0.0588 0.0252 0.0392 0.0168 0.0882 0.0378 0.0588 0.0252 0.0882 0.0378 0.0588 0.0252
18 0.0252 0.0108 0.0168 0.0072 0.0252 0.0108 0.0168 0.0072 0.0378 0.0162 0.0252 0.0108 0.0378 0.0162 0.0252 0.0108 0.0588 0.0252 0.0392 0.0168 0.0588 0.0252 0.0392 0.0168 0.0882 0.0378 0.0588 0.0252 0.0882 0.0378 0.0588 0.0252
19 0.0252 0.0108 0.0168 0.0072 0.0252 0.0108 0.0168 0.0072 0.0378 0.0162 0.0252 0.0108 0.0378 0.0162 0.0252 0.0108 0.0588 0.0252 0.0392 0.0168 0.0588 0.0252 0.0392 0.0168 0.0882 0.0378 0.0588 0.0252 0.0882 0.0378 0.0588 0.0252
20 0.0252 0.0108 0.0168 0.0072 0.0252 0.0108 0.0168 0.0072 0.0378 0.0162 0.0252 0.0108 0.0378 0.0162 0.0252 0.0108 0.0588 0.0252 0.0392 0.0168 0.0588 0.0252 0.0392 0.0168 0.0882 0.0378 0.0588 0.0252 0.0882 0.0378 0.0588 0.0252
21 0.0252 0.0108 0.0168 0.0072 0.0252 0.0108 0.0168 0.0072 0.0378 0.0162 0.0252 0.0108 0.0378 0.0162 0.0252 0.0108 0.0588 0.0252 0.0392 0.0168 0.0588 0.0252 0.0392 0.0168 0.0882 0.0378 0.0588 0.0252 0.0882 0.0378 0.0588 0.0252
22 0.0252 0.0108 0.0168 0.0072 0.0252 0.0108 0.0168 0.0072 0.0378 0.0162 0.0252 0.0108 0.0378 0.0162 0.0252 0.0108 0.0588 0.0252 0.0392 0.0168 0.0588 0.0252 0.0392 0.0168 0.0882 0.0378 0.0588 0.0252 0.0882 0.0378 0.0588 0.0252
23 0.0252 0.0108 0.0168 0.0072 0.0252 0.0108 0.0168 0.0072 0.0378 0.0162 0.0252 0.0108 0.0378 0.0162 0.0252 0.0108 0.0588 0.0252 0.0392 0.0168 0.0588 0.0252 0.0392 0.0168 0.0882 0.0378 0.0588 0.0252 0.0882 0.0378 0.0588 0.0252
24 0.0252 0.0108 0.0168 0.0072 0.0252 0.0108 0.0168 0.0072 0.0378 0.0162 0.0252 0.0108 0.0378 0.0162 0.0252 0.0108 0.0588 0.0252 0.0392 0.0168 0.0588 0.0252 0.0392 0.0168 0.0882 0.0378 0.0588 0.0252 0.0882 0.0378 0.0588 0.0252
25 0.0252 0.0108 0.0168 0.0072 0.0252 0.0108 0.0168 0.0072 0.0378 0.0162 0.0252 0.0108 0.0378 0.0162 0.0252 0.0108 0.0588 0.0252 0.0392 0.0168 0.0588 0.0252 0.0392 0.0168 0.0882 0.0378 0.0588 0.0252 0.0882 0.0378 0.0588 0.0252
26 0.0252 0.0108 0.0168 0.0072 0.0252 0.0108 0.0168 0.0072 0.0378 0.0162 0.0252 0.0108 0.0378 0.0162 0.0252 0.0108 0.0588 0.0252 0.0392 0.0168 0.0588 0.0252 0.0392 0.0168 0.0882 0.0378 0.0588 0.0252 0.0882 0.0378 0.0588 0.0252
27 0.0252 0.0108 0.0168 0.0072 0.0252 0.0108 0.0168 0.0072 0.0378 0.0162 0.0252 0.0108 0.0378 0.0162 0.0252 0.0108 0.0588 0.0252 0.0392 0.0168 0.0588 0.0252 0.0392 0.0168 0.0882 0.0378 0.0588 0.0252 0.0882 0.0378 0.0588 0.0252
28 0.0252 0.0108 0.0168 0.0072 0.0252 0.0108 0.0168 0.0072 0.0378 0.0162 0.0252 0.0108 0.0378 0.0162 0.0252 0.0108 0.0588 0.0252 0.0392 0.0168 0.0588 0.0252 0.0392 0.0168 0.0882 0.0378 0.0588 0.0252 0.0882 0.0378 0.0588 0.0252
29 0.0252 0.0108 0.0168 0.0072 0.0252 0.0108 0.0168 0.0072 0.0378 0.0162 0.0252 0.0108 0.0378 0.0162 0.0252 0.0108 0.0588 0.0252 0.0392 0.0168 0.0588 0.0252 0.0392 0.0168 0.0882 0.0378 0.0588 0.0252 0.0882 0.0378 0.0588 0.0252
30 0.0252 0.0108 0.0168 0.0072 0.0252 0.0108 0.0168 0.0072 0.0378 0.0162 0.0252 0.0108 0.0378 0.0162 0.0252 0.0108 0.0588 0.0252 0.0392 0.0168 0.0588 0.0252 0.0392 0.0168 0.0882 0.0378 0.0588 0.0252 0.0882 0.0378 0.0588 0.0252
31 0.0252 0.0108 0.0168 0.0072 0.0252 0.0108 0.0168 0.0072 0.0378 0.0162 0.0252 0.0108 0.0378 0.0162 0.0252 0.0108 0.0588 0.0252 0.0392 0.0168 0.0588 0.0252 0.0392 0.0168 0.0882 0.0378 0.0588 0.0252 0.0882 0.0378 0.0588 0.0252